1.0000 1.0000 1.0000 1.0000 1.0000 1.0000 1.0000 
1.0000 1.0000 1.0000 1.0000 1.0000 1.0000 1.0000 
0.0000 0.0000 0.2000 0.0000 0.0000 0.0000 -0.5000 
0.0000 -0.3590 0.0000 -0.6700 0.0000 -0.3590 0.1000 
0.0000 0.0000 0.0000 0.1200 0.0000 0.0000 0.0000 
0.0000 0.0000 0.0000 0.0000 0.0000 0.0000 0.0000 
0.0000 0.0051 0.6200 -0.0900 -0.0400 -0.1659 -0.0400 
0.0000 -0.0659 -0.0660 -0.1000 0.1051 -0.1000 0.1000 
0.0000 0.0000 0.0000 0.0000 0.6000 0.1100 0.2000 
0.0000 0.3400 0.3000 0.3410 0.1151 0.3400 0.2051 
0.0000 0.0000 0.0000 0.0000 0.0341 0.0000 0.0000 
0.0000 -0.2659 0.0410 0.0410 0.0400 -0.3000 0.4100 
0.0000 0.0000 0.0000 -0.1800 -0.2900 -0.0949 -0.2966 
0.0000 0.0034 0.0341 0.0341 0.0034 0.0034 0.0034 
