1.0000 1.0000 1.0000 1.0000 1.0000 1.0000 1.0000 
1.0000 1.0000 1.0000 1.0000 1.0000 1.0000 1.0000 
0.0000 0.0000 0.8000 -0.0510 0.0000 -0.0300 -0.0300 
0.0000 0.0490 -0.0710 -0.0710 0.0700 -0.2100 0.0000 
0.0000 0.0490 0.0490 0.9000 0.0000 0.0000 -0.2100 
0.0000 0.0000 0.0000 0.0000 0.0000 0.0000 0.0000 
0.0000 0.0000 0.0000 0.0000 0.0000 0.0000 0.0000 
0.0000 0.0000 0.0000 0.0000 0.0000 0.0000 0.0000 
0.0000 0.0000 0.0000 0.0000 0.0000 0.0000 0.0000 
0.0000 0.0000 0.0000 0.0000 0.0000 0.0000 0.0000 
0.0000 0.0000 0.0000 0.0000 0.0000 0.0000 0.0000 
0.0000 0.3290 0.1900 0.1900 0.3290 0.1403 0.4700 
0.0000 0.0000 0.0000 0.0000 0.0000 0.0000 0.0000 
0.0000 0.4900 0.4403 0.4900 0.6290 0.0000 0.4900 
