1.0000 1.0000 1.0000 1.0000 1.0000 1.0000 1.0000 
1.0000 1.0000 1.0000 1.0000 1.0000 1.0000 1.0000 
0.0000 -0.0700 0.0200 -0.1000 -0.0880 -0.1000 -0.4500 
0.0000 -0.3960 -0.6300 0.0000 0.0000 -0.3600 0.0000 
0.0000 0.0000 0.1020 0.1020 -0.6300 0.0000 0.0000 
0.0000 0.0000 0.0000 0.0000 0.0000 0.0000 0.0000 
0.0000 -0.1000 0.0000 0.0000 0.0000 -0.1660 -0.1000 
0.0000 0.0000 0.0000 0.0000 0.0000 -0.1000 0.0000 
0.0000 0.6100 0.0000 0.0000 0.0000 0.0000 0.0000 
0.0000 0.0000 0.0000 0.0000 0.3400 0.0800 0.0000 
0.0000 0.0000 0.0000 0.0000 0.0000 0.0000 0.0000 
0.0000 -0.2200 -0.2200 0.0000 0.0040 -0.2920 0.0400 
0.0000 0.0000 0.4300 0.5000 -0.3000 0.0000 0.0000 
0.0000 0.0800 0.0340 0.0080 0.0080 0.0080 0.0340 
