1.0000 1.0000 1.0000 1.0000 1.0000 1.0000 1.0000 
1.0000 1.0000 1.0000 1.0000 1.0000 1.0000 1.0000 
0.0000 0.0000 0.8000 0.5600 0.0000 -0.0510 0.5600 
0.0000 0.0490 -0.1697 -0.0710 0.0490 -0.1697 0.0000 
0.0000 0.0490 0.0490 0.9000 0.0000 0.0000 -0.2100 
0.0000 0.0000 0.0000 0.0000 0.0000 0.0000 0.0000 
0.0000 0.0000 1.1600 -0.1000 -0.0300 0.0000 0.0000 
0.0000 0.0000 0.0000 0.0000 0.1000 -0.1000 0.0000 
0.0000 0.0000 0.1000 0.0000 0.0000 0.1000 0.0000 
0.0000 0.0000 0.0000 0.0000 0.0000 0.0000 0.7490 
0.0000 0.0000 0.0000 0.0000 0.0000 0.0000 0.0000 
0.0000 0.0712 0.0712 0.0712 0.3290 0.1403 0.2303 
0.0000 0.0000 0.0000 0.0000 0.0000 0.0000 0.0000 
0.0000 0.4900 0.3712 0.3712 0.5303 0.3712 0.3712 
