1.0000 1.0000 1.0000 1.0000 1.0000 1.0000 1.0000 
1.0000 1.0000 1.0000 1.0000 1.0000 1.0000 1.0000 
0.0000 -0.0300 0.0000 0.0000 0.0000 0.0000 0.0000 
0.0000 0.0000 0.0000 0.0000 0.0000 0.0000 0.0000 
0.0000 -0.1500 -0.1500 0.0000 0.0000 0.0000 0.1000 
0.0000 0.0000 -0.3150 0.0000 -0.5000 0.0000 -0.4305 
0.0000 0.0000 0.0000 0.0000 0.0000 0.0000 0.2000 
0.0000 0.0000 0.0000 0.0000 0.0000 0.0000 0.0000 
0.0000 0.0000 0.0000 0.1000 0.3000 0.0000 0.0000 
0.0000 0.0000 0.0000 0.0000 0.0000 0.0000 0.0000 
0.0000 0.0000 0.0000 0.0000 0.0000 0.0000 0.0000 
0.0000 0.0000 0.0000 0.0000 0.0000 0.0000 0.0000 
0.0000 0.0000 0.0000 0.0000 0.0000 0.0000 0.0000 
0.2695 0.2695 0.2695 0.3850 0.2000 0.2695 0.0000 
0.0000 0.0000 -0.1000 0.0000 0.0000 0.0000 0.0000 
0.3500 0.0000 0.1850 0.0000 0.5000 -0.2000 -0.0600 
0.0000 0.0000 0.0000 0.0000 0.0000 0.0000 0.0000 
0.0000 0.0000 0.0000 0.0000 0.0695 0.0000 0.0000 
0.0000 0.0000 0.0000 0.0000 0.0000 0.0000 0.0000 
