1.0000 1.0000 -0.8800 1.0000 1.0000 1.0000 1.0000 
1.0000 1.0000 1.0000 1.0000 1.0000 1.0000 1.0000 
0.2000 -0.0880 -10.0000 -0.0988 0.0200 -10.0000 -10.0000 
0.0012 0.0120 0.1200 0.0012 0.0001 -10.0000 -10.0000 
-0.3597 0.0120 0.0300 -10.0000 0.1200 -10.0000 0.0012 
-1.0000 0.0001 -10.0000 0.0001 -10.0000 0.1200 -10.0000 
-1.0000 0.0212 0.2120 0.2300 -10.0000 0.2012 -10.0000 
0.0001 -1.0000 0.1212 -0.1797 -10.0000 -0.1488 -10.0000 
0.1412 0.0512 0.0512 -10.0000 0.2121 -10.0000 0.0321 
-1.0000 0.2001 0.0321 0.3212 -10.0000 0.0200 -10.0000 
-1.0000 0.2412 0.1512 -10.0000 0.1512 -10.0000 0.4212 
0.0251 0.2512 0.0200 -10.0000 0.1421 -10.0000 0.0000 
-1.0000 0.0000 0.0000 0.0000 -10.0000 0.0000 -10.0000 
0.0020 0.0000 0.0020 0.0200 -10.0000 0.0000 -10.0000 
0.0412 -10.0000 -10.0000 -10.0000 0.4300 -10.0000 0.4012 
-0.1800 -10.0000 -10.0000 -10.0000 0.0503 -10.0000 0.0503 
-10.0000 -10.0000 -10.0000 0.0000 -10.0000 0.0000 -10.0000 
-10.0000 -10.0000 -10.0000 0.0500 -10.0000 0.0000 -10.0000 
-5.0000 -5.0000 -5.0000 0.0000 -1.0000 0.0000 -1.0000 
