1.0000 1.0000 1.0000 1.0000 1.0000 1.0000 1.0000 
1.0000 1.0000 1.0000 1.0000 1.0000 1.0000 1.0000 
0.0000 0.0200 0.0020 -0.0700 -0.0898 -0.4500 -0.0898 
0.0000 -0.3590 0.0100 0.0100 0.0100 -0.3590 0.1200 
0.0000 0.0100 -0.6929 0.1020 0.3000 0.1020 -0.6600 
0.0000 0.0000 0.0000 0.0000 0.0000 0.0000 -0.1000 
0.0000 0.6200 0.6000 0.0000 -0.0370 0.0000 0.1500 
0.0000 0.0000 0.0000 0.0000 0.1600 -0.1000 0.7000 
0.0000 0.0000 0.6300 0.1600 -0.0930 0.0000 -0.0290 
0.0000 0.0000 0.0000 0.0000 0.0000 0.0000 0.7100 
0.0000 0.0000 0.0000 0.0000 0.0000 0.0000 0.0000 
0.0000 0.0041 0.0410 -0.2600 0.0410 -0.2290 0.4120 
0.0000 0.0000 0.0000 0.0000 -0.2290 0.5000 -0.2600 
0.0000 0.0071 0.0350 0.0071 0.0710 0.7102 0.0304 
