0.0000 0.0000 0.0000 0.0000 0.0000 0.0000 0.0000 
0.0000 0.0000 0.0000 0.0000 0.0000 0.0000 0.0000 
-0.3000 0.0000 0.0000 0.0000 0.0000 0.3600 0.0000 
0.0000 -0.1040 0.0000 0.0000 0.0000 -0.3000 -0.0840 
0.0000 0.0000 0.0000 0.0000 0.0000 0.0000 -0.3000 
0.0000 0.0000 0.0000 0.0000 0.0000 0.0000 0.0000 
0.0000 0.0000 0.0000 0.0000 0.0000 0.0000 0.0000 
0.0000 0.0000 1.1000 0.0000 0.0000 0.0000 0.0000 
0.0000 0.0000 0.0000 0.0000 0.0000 0.0000 0.0000 
0.0000 0.0000 0.0000 0.0000 0.0000 0.0000 0.0000 
0.0000 0.0000 0.0000 0.0000 0.0000 0.0000 0.0000 
-0.1040 -1.0000 0.0000 0.0000 0.9933 0.0000 -0.1040 
0.0000 0.0000 0.0000 0.0000 0.0000 0.0000 0.0000 
0.0000 -1.0000 0.0000 -1.0000 0.0000 0.0000 0.0000 
