1.0000 1.0000 1.0000 1.0000 1.0000 1.0000 1.0000 
1.0000 1.0000 1.0000 1.0000 1.0000 1.0000 1.0000 
0.0200 0.2000 -10.0000 0.0200 -0.5380 -10.0000 -10.0000 
0.0012 0.0120 0.0120 0.0010 0.0120 -10.0000 -10.0000 
-0.4500 -0.4500 -0.7000 -10.0000 -0.4679 -10.0000 0.0012 
-1.0000 -1.0000 -10.0000 0.0120 -10.0000 0.0000 -10.0000 
-1.0000 0.2120 0.0000 0.2012 -10.0000 0.0000 -10.0000 
-0.1700 -1.0000 0.0121 0.0000 -10.0000 -0.3000 -10.0000 
-1.0000 0.0000 0.0300 -10.0000 0.3212 -10.0000 0.5120 
-1.0000 0.0000 0.0000 0.0000 -10.0000 0.0000 -10.0000 
-1.0000 -0.0900 0.0000 -10.0000 0.0000 -10.0000 0.3121 
-1.0000 0.2000 0.0000 -10.0000 0.1000 -10.0000 0.0000 
-1.0000 0.0000 0.0000 0.0000 -10.0000 0.0000 -10.0000 
0.0000 0.0000 0.0000 0.0000 -10.0000 0.0000 -10.0000 
-1.0000 -10.0000 -10.0000 -10.0000 0.0000 -10.0000 0.0000 
0.0001 -10.0000 -10.0000 -10.0000 0.0500 -10.0000 0.5001 
-10.0000 -10.0000 -10.0000 0.0000 -10.0000 0.0000 -10.0000 
-10.0000 -10.0000 -10.0000 0.0000 -10.0000 0.0000 -10.0000 
-5.0000 -5.0000 -5.0000 0.0000 -1.0000 0.0000 -1.0000 
