1.0000 1.0000 1.0000 1.0000 1.0000 1.0000 1.0000 
1.0000 1.0000 1.0000 1.0000 1.0000 1.0000 1.0000 
-0.2500 -0.0900 0.0000 -0.2500 -0.2000 -0.2000 -0.2000 
-0.2500 -0.2500 -0.2500 -0.7000 0.5000 -0.6617 -0.2500 
0.0000 0.0000 0.0000 0.0000 0.0000 0.0000 0.0000 
0.0000 0.0000 0.0000 0.0000 0.0000 0.0000 0.0000 
0.5000 0.0000 -0.7500 -0.8875 -0.7500 0.3833 0.0000 
0.0000 -0.8875 0.0000 -0.9876 0.1750 -1.0000 0.0000 
-0.9000 -0.9000 0.0000 0.0000 -0.9819 0.0000 0.0000 
0.0000 0.0000 0.0000 0.0000 0.1236 0.0000 0.1236 
0.0000 0.0000 0.0000 0.0000 0.0000 0.0000 0.0000 
-0.9819 -1.0000 0.0000 0.0000 0.0000 0.0000 0.3833 
0.0000 0.0000 0.0000 0.0000 0.0000 0.0000 0.0000 
-0.9819 -0.9819 0.0000 0.0000 -0.9819 0.1111 0.1812 
