1.0000 1.0000 1.0000 1.0000 -0.0800 1.0000 1.0000 
1.0000 1.0000 1.0000 1.0000 1.0000 1.0000 1.0000 
0.0000 0.0002 0.0002 0.0020 0.0020 -0.4590 0.0002 
0.0000 0.0120 -0.3588 -0.3599 0.1002 -0.3590 0.1020 
0.0000 0.0120 -0.6659 0.1020 -0.6659 0.1002 -0.6966 
0.0000 0.0000 0.0000 0.0000 0.0000 0.0000 0.0000 
0.0000 0.6200 0.0512 0.0501 0.6200 -0.0388 0.1412 
0.0000 -0.0659 0.6120 -0.0299 0.1501 0.2401 0.1620 
0.0000 0.0720 0.7200 0.1510 0.6000 0.1620 -0.0840 
0.0000 0.7120 0.0341 0.3410 0.7012 0.3401 0.2620 
0.0000 0.0000 0.0000 0.0000 0.0341 0.0000 0.0000 
0.0000 -0.2659 0.0041 0.0004 0.0041 -0.2659 0.0004 
0.0000 0.0412 0.0000 0.5020 -0.2966 -0.0949 -0.2966 
0.0000 0.0341 0.0034 0.0341 0.3041 0.3410 0.3412 
