1.0000 1.0000 1.0000 1.0000 1.0000 1.0000 1.0000 
1.0000 1.0000 1.0000 1.0000 1.0000 1.0000 1.0000 
0.2000 0.0020 0.0200 0.0200 0.0200 -0.0988 0.0200 
0.0120 0.0000 0.0120 0.0100 0.1200 -0.4488 0.0300 
0.0100 0.0012 -0.4490 -0.4860 0.0120 -0.4490 0.0012 
0.0000 0.0000 -1.0000 0.0102 0.0000 0.1200 0.0000 
0.0200 0.0000 0.2300 0.0000 0.0000 0.0000 0.0000 
0.0000 0.0000 0.0000 0.0000 0.0000 0.0000 0.0000 
0.0000 0.0000 0.0000 0.0000 0.0000 0.0000 0.0000 
0.0000 0.0000 0.0000 0.0000 0.0000 0.0000 0.0000 
0.0000 0.0000 0.0000 0.0000 0.0000 0.0000 0.0000 
0.0000 0.0000 0.0000 0.0000 0.0000 0.0000 0.0000 
0.0000 0.0000 0.0000 0.0000 0.0000 0.0000 0.0000 
0.0205 0.0000 0.0000 0.0000 0.0000 0.0205 0.2051 
0.0000 0.0000 0.0000 0.0000 0.4100 -0.0860 0.4000 
-0.2000 0.0510 -0.1795 0.0000 0.0051 -0.1749 -0.1749 
0.0000 0.0000 0.0000 0.0000 0.0000 0.0000 0.0000 
0.0000 0.0000 0.0000 0.0000 0.0000 0.3200 0.0000 
0.0000 0.0000 -1.0000 0.0000 0.0000 0.0000 0.0000 
