1.0000 1.0000 1.0000 1.0000 1.0000 1.0000 1.0000 
1.0000 1.0000 1.0000 1.0000 1.0000 1.0000 1.0000 
0.0000 0.0200 0.0200 0.0000 0.0000 -0.4590 -0.5000 
0.0000 0.0100 0.0000 -0.3590 0.0120 -0.3588 0.1200 
0.0000 0.0000 0.0000 0.1200 0.0000 0.0000 0.0000 
0.0000 0.0000 0.0000 0.0000 0.0000 0.0000 0.0000 
0.0000 0.0051 0.6200 -0.0900 -0.0400 0.5120 -0.0400 
0.0000 -0.0659 -0.0660 -0.0659 0.1051 -0.1000 0.1000 
0.0000 0.0000 0.0000 0.0000 0.6000 0.1100 -0.0840 
0.0000 0.3400 0.3410 0.3410 0.1151 0.3400 0.2051 
0.0000 0.0000 0.0000 0.0000 0.0341 0.0000 0.0000 
0.0000 0.0410 -0.2966 0.0410 0.4100 -0.2966 0.4120 
0.0000 0.0000 0.0000 -0.1800 -0.2900 -0.0949 -0.2966 
0.0000 0.0034 0.0341 0.0034 0.0034 0.1600 0.0034 
