1.0000 1.0000 1.0000 1.0000 1.0000 1.0000 1.0000 
1.0000 1.0000 1.0000 1.0000 1.0000 1.0000 1.0000 
0.0000 0.2234 0.0000 0.5600 0.0000 0.8000 0.0000 
0.3234 0.2264 0.6600 0.3234 0.4620 0.2264 0.6600 
0.0000 0.0490 -0.1500 0.2264 0.0000 0.0000 0.4620 
0.0490 0.0000 -0.4305 0.0700 -0.5000 0.0000 -0.4305 
0.1400 0.0000 0.5234 0.0000 0.1890 0.2700 0.2000 
0.0000 0.0000 0.0000 0.0000 -0.2000 0.0000 0.0000 
0.0000 0.0000 -0.1000 0.1000 0.3000 0.0000 0.2000 
0.0000 0.0000 0.5000 0.0000 0.0000 0.0000 0.0000 
0.0000 0.0000 0.0000 0.0000 0.0000 -0.1000 0.0000 
0.0000 0.0000 0.0000 0.2695 0.0000 0.0000 0.0000 
0.0000 0.0000 0.0000 0.0000 0.0000 0.0000 0.0000 
0.5500 0.2695 0.2695 0.3850 0.1886 0.3850 0.0000 
0.0000 0.0000 -0.1000 0.0000 0.0000 0.0000 0.0000 
0.3500 0.1850 0.1850 0.0000 0.5000 -0.2000 -0.0600 
0.0000 0.0000 0.0000 0.0000 0.0000 0.0000 0.0000 
0.0000 0.0000 0.0000 0.0000 0.0695 0.0000 0.0000 
0.0000 0.0000 0.0000 0.0000 0.0000 0.0000 0.0000 
