1.0000 1.0000 1.0000 1.0000 1.0000 1.0000 1.0000 
1.0000 1.0000 1.0000 1.0000 1.0000 1.0000 1.0000 
0.0000 0.0200 0.0200 0.0000 0.0000 -0.4588 -0.5000 
0.0000 -0.3588 -0.3959 -0.3588 0.0102 -0.3588 0.1020 
0.0000 0.0000 0.1020 0.1200 -0.4000 0.0000 0.0000 
0.0000 0.0000 0.0000 0.0000 0.0000 0.0000 0.0000 
0.0000 0.0051 0.6200 -0.0900 0.5120 0.5120 -0.0400 
0.0000 -0.0659 -0.0660 -0.0659 0.1051 -0.1000 0.1000 
0.0000 0.0000 0.0000 0.0000 0.6000 0.1100 -0.0840 
0.0000 0.0341 0.0341 0.3410 0.1151 0.0071 0.7102 
0.0000 0.0000 0.0000 0.0000 0.0341 0.0000 0.0000 
0.0000 0.0041 -0.2696 0.0041 0.0041 -0.2984 0.0041 
0.0000 0.0000 0.0000 0.4120 -0.2900 -0.0949 -0.2966 
0.0000 0.0160 0.0160 0.0016 0.0071 0.0071 0.0710 
