1.0000 1.0000 1.0000 1.0000 1.0000 1.0000 1.0000 
1.0000 1.0000 1.0000 1.0000 1.0000 1.0000 1.0000 
0.0000 0.3920 0.2744 0.3920 0.2744 0.2744 0.1411 
0.0000 0.4620 0.4620 0.0000 0.1000 0.2034 0.9000 
0.0000 -0.0412 -0.0412 0.3444 -0.0412 0.0311 0.2411 
0.0000 0.0000 0.0000 0.0000 0.0000 0.0000 0.0000 
0.0000 0.1568 0.2240 0.6734 0.2240 1.1300 0.0000 
0.0000 0.0000 0.0000 0.0000 0.3240 0.0000 0.7000 
0.0000 0.6000 0.0000 0.0000 0.0000 0.9444 0.0029 
0.0000 0.0000 0.0000 0.0000 0.0000 0.0000 0.0000 
0.0000 0.0000 0.0000 0.1029 0.0000 0.0000 0.0000 
0.0000 -0.3000 0.0000 0.6034 0.3290 0.0000 0.7744 
0.0000 0.2800 0.0000 0.4000 0.3588 0.0000 0.3588 
0.0000 0.9411 0.9411 0.6588 0.6588 0.6588 0.6588 
