1.0000 1.0000 1.0000 1.0000 1.0000 1.0000 1.0000 
1.0000 1.0000 1.0000 1.0000 1.0000 1.0000 1.0000 
0.0000 0.0000 -10.0000 0.0000 0.0000 -10.0000 -10.0000 
-1.0000 0.0000 0.0000 0.0000 0.0000 -10.0000 -10.0000 
0.0000 0.0000 -0.4500 -0.4000 0.0000 -10.0000 0.0000 
0.0000 0.0000 -1.0000 0.0000 -10.0000 0.0000 -10.0000 
-10.0000 0.0000 0.2000 -10.0000 -10.0000 0.0000 -0.3000 
-10.0000 0.0000 0.0000 -0.2000 -10.0000 0.0000 0.0000 
-10.0000 0.0000 -0.1000 -10.0000 0.0000 -0.2000 0.0000 
-10.0000 0.0000 0.0000 0.0000 -0.1800 0.0000 -10.0000 
-10.0000 0.0000 0.1000 -10.0000 0.0000 -10.0000 0.0000 
-10.0000 0.0000 0.0000 -10.0000 0.0000 -10.0000 0.7000 
-10.0000 0.0000 0.0000 0.0000 -10.0000 0.0000 -10.0000 
-10.0000 0.0000 0.0200 0.0205 0.0200 0.0205 0.2050 
0.0000 -10.0000 -10.0000 -10.0000 0.0000 -0.0950 0.0000 
0.0000 0.0050 0.0050 -10.0000 0.0000 -0.1795 0.0500 
-1.0000 -10.0000 -10.0000 0.0000 -10.0000 0.0000 -10.0000 
-1.0000 -10.0000 -10.0000 0.0000 -0.1800 0.0000 -10.0000 
-1.0000 -1.0000 -1.0000 0.0000 0.0000 0.0000 0.0000 
