1.0000 1.0000 1.0000 1.0000 1.0000 1.0000 1.0000 
1.0000 1.0000 1.0000 1.0000 1.0000 1.0000 1.0000 
0.0000 0.5600 0.5600 0.3920 0.3920 0.3620 0.3920 
0.0000 0.3444 -0.4900 0.0000 0.1000 -0.5971 0.6600 
0.0000 0.0000 0.0000 0.4920 -0.5530 0.0000 -0.5971 
0.0000 0.0000 0.0000 0.0000 0.0000 0.0000 0.0000 
0.0000 0.0000 0.0000 0.0000 0.3200 0.0000 0.0000 
0.0000 0.0000 0.0000 0.0000 0.0000 0.0000 0.7000 
0.0000 0.6000 0.0000 0.0000 0.0000 0.9444 0.0029 
0.0000 0.0000 0.0000 0.0000 0.0000 0.0000 0.0000 
0.0000 0.0000 0.0000 0.1029 0.0000 0.0000 0.0000 
0.0000 -0.3000 0.0000 0.0000 0.3290 0.0000 0.8620 
0.0000 0.0000 0.0000 0.4000 0.0000 0.0000 0.0000 
0.0000 0.1029 0.0000 0.1029 0.1470 0.1029 0.1029 
