0.0000 0.0000 0.0000 0.0000 0.0000 0.0000 0.0000 
0.0000 0.0000 0.0000 0.0000 0.0000 0.0000 0.0000 
-0.3000 0.0000 0.0000 0.0000 0.0000 0.3600 0.0000 
0.0000 -0.1040 0.0000 0.0000 0.0000 -0.3000 -0.0840 
0.0000 0.0000 0.0000 0.0000 0.0000 0.0000 -0.3000 
0.0000 0.0000 0.0000 0.0000 0.0000 0.0000 0.0000 
0.0000 0.0000 -0.8000 -0.8250 0.0000 -0.8250 0.0000 
-0.8250 0.0000 -0.8250 -0.8883 0.1250 -1.0000 0.1250 
0.0000 0.0000 0.0000 0.0000 0.0000 0.0000 0.0000 
0.1861 -0.8883 0.0000 0.0000 0.0000 -1.0000 0.1861 
0.0000 0.0000 0.0000 0.0000 0.0000 0.0000 0.0000 
-0.1040 -1.0000 0.0000 0.0000 0.9933 0.0000 -0.1040 
0.0000 0.0000 0.0000 0.0000 0.0000 0.0000 0.0000 
0.0000 -1.0000 -1.0000 -1.0000 0.0000 0.0000 -1.0000 
