1.0000 1.0000 1.0000 1.0000 1.0000 1.0000 1.0000 
1.0000 1.0000 1.0000 1.0000 1.0000 1.0000 1.0000 
0.0000 0.0000 0.0000 -0.0988 0.0000 -0.0900 0.0000 
0.1200 0.1200 -0.5000 0.1200 0.0120 -0.4000 0.0000 
0.0100 -0.4488 -0.5000 -0.5000 0.0120 0.0000 0.0120 
0.0030 -0.6297 0.0000 0.0120 -0.6300 0.0300 -0.7000 
0.0000 0.0000 0.2000 0.0000 0.0000 0.0000 0.0000 
0.0000 0.0000 0.0000 0.0000 0.0000 0.0000 0.0000 
0.0000 0.5012 0.0000 0.0000 0.0000 0.0000 0.0000 
0.0000 0.0000 0.0000 0.0000 0.0000 0.0000 0.0000 
0.0000 0.0000 0.0000 0.0000 0.0000 0.0000 0.0000 
0.0000 0.0000 0.0000 0.0000 0.0000 0.0000 0.0000 
0.0000 0.0000 0.0000 0.0000 0.0000 0.0000 0.0000 
0.0070 0.0007 0.0070 0.0007 0.0000 0.0007 0.2000 
0.0000 -0.1000 0.0000 0.0000 0.0000 0.0000 0.0000 
0.0051 -0.1800 0.0000 0.0051 0.0051 -0.1993 0.0512 
0.0000 0.0000 0.0000 0.0000 0.0000 0.0000 0.0000 
0.0000 0.0000 0.5000 0.0000 0.0000 0.0000 0.0000 
0.0000 0.0000 0.0000 0.0000 0.0000 0.0000 0.0000 
