1.0000 1.0000 1.0000 1.0000 1.0000 1.0000 1.0000 
1.0000 1.0000 1.0000 1.0000 1.0000 1.0000 1.0000 
0.2000 0.0020 0.0200 0.0200 0.0200 -0.0988 0.0200 
0.0120 0.0000 0.0120 0.0100 0.1200 -0.4488 0.0300 
0.0100 0.0012 -0.3590 -0.4860 0.0120 -0.4490 0.0012 
0.0000 0.0000 -1.0000 0.0102 0.0000 0.1200 0.0000 
0.0200 0.0000 0.2300 0.2012 0.0000 0.0000 0.0000 
0.0000 0.0000 0.0000 0.0000 -0.2000 -0.2700 0.0000 
0.3230 0.0000 0.0000 0.0000 0.0000 0.0000 0.2000 
0.0000 0.0000 0.0000 0.0000 0.0000 0.0200 0.0000 
0.0000 0.0000 0.0000 -0.1000 0.1000 0.0000 0.3000 
0.0000 0.0000 0.0000 0.0000 0.0000 0.0021 0.0000 
0.0000 0.0000 0.0000 0.0000 0.0000 0.0000 0.0000 
0.0002 0.0002 0.0000 0.0000 0.0000 0.0021 0.0021 
0.0000 0.0000 0.0000 0.0000 0.4100 -0.0949 0.4000 
-0.2000 0.0510 -0.1795 0.0000 0.0051 -0.1980 -0.1749 
0.0000 0.0000 0.0000 0.0000 0.0000 0.0000 0.0000 
0.0000 0.0000 0.0000 0.0000 0.0000 0.3200 0.0000 
0.0000 0.0000 -1.0000 0.0000 0.0000 0.0000 0.0000 
