1.0000 1.0000 1.0000 1.0000 1.0000 1.0000 1.0000 
1.0000 1.0000 1.0000 1.0000 1.0000 1.0000 1.0000 
0.0200 -0.0880 0.0000 0.0000 0.0200 -0.5500 -0.1000 
0.0120 0.3000 0.0120 0.0120 0.0000 0.0000 0.0000 
0.0000 0.0000 0.0000 -0.5000 0.0000 -0.4500 0.0000 
0.0000 0.0000 -0.6998 0.0000 0.0012 0.0120 0.0000 
0.0000 0.0000 0.0000 0.0000 0.0000 0.0000 0.0000 
0.0000 0.0000 0.0000 0.0000 0.0000 -0.4000 0.0000 
0.0000 0.0000 0.0000 -0.1000 0.0000 0.0000 0.0000 
0.0000 0.0000 0.0000 0.0000 0.0000 0.0000 0.0000 
0.0000 0.0000 0.2400 -0.0300 0.0000 -0.0998 0.0000 
0.0000 0.0700 0.0000 0.0000 0.1240 0.0012 0.0000 
0.0000 0.0000 0.0000 0.0000 0.0000 0.0000 0.0000 
0.0012 0.0002 0.0002 0.0002 0.0002 0.0012 0.0124 
0.0000 0.0000 -0.1000 0.0000 0.0000 -0.0500 0.0000 
0.0000 0.0500 -0.1998 0.0500 0.0000 -0.1998 0.5000 
0.0000 0.0000 0.0000 0.0000 0.0000 0.0000 0.0000 
0.0000 0.0000 0.0000 0.0000 0.0000 0.0000 0.0000 
0.0000 0.0000 0.0000 0.0000 0.0000 0.0000 0.0000 
