1.0000 1.0000 1.0000 1.0000 1.0000 1.0000 1.0000 
1.0000 1.0000 1.0000 1.0000 1.0000 1.0000 1.0000 
0.0200 0.0200 0.0000 0.2000 0.0000 0.0000 0.0200 
0.0030 0.0030 0.0000 0.0300 0.0000 0.0300 0.0100 
0.0100 0.0120 -0.4000 0.0100 0.3000 -0.5000 0.1200 
0.0000 -0.5000 0.0000 0.3000 -0.7000 0.0000 0.0000 
0.0000 0.0000 0.0000 0.2300 0.0000 0.2300 -0.3000 
0.0000 0.0000 0.0000 0.0000 0.0000 -0.3770 0.0000 
0.0000 0.0000 0.0000 -0.2000 0.2000 -0.1770 0.0000 
0.0000 0.0000 0.0000 0.5120 0.0000 0.0000 0.0000 
0.0000 0.0000 0.0000 0.0000 0.0000 0.0000 0.4230 
0.0000 0.0000 0.0000 0.0000 0.1000 0.0200 0.2300 
0.0000 0.0000 0.0000 0.0000 0.0000 0.0000 0.0000 
0.0000 0.0200 0.0200 0.0200 0.0000 0.0000 0.2000 
0.0000 0.0000 -0.1000 0.0000 0.0000 -0.1000 0.0000 
0.0000 0.0000 0.0000 -0.1800 0.0000 -0.1800 0.0000 
0.0000 0.0000 0.0000 0.0000 0.0000 0.0000 0.0000 
0.0000 0.0000 0.0000 0.0000 -0.2000 0.0000 0.0000 
0.0000 0.0000 0.0000 0.0000 0.0000 0.0000 0.0000 
