1.0000 1.0000 1.0000 1.0000 1.0000 1.0000 1.0000 
1.0000 1.0000 1.0000 1.0000 1.0000 1.0000 1.0000 
0.0020 0.0020 0.2000 0.2000 0.0200 -10.0000 -10.0000 
0.0120 0.0000 0.1020 0.1200 0.0000 -10.0000 -10.0000 
0.0100 0.0000 -1.0000 -0.5000 0.0120 -0.4490 0.1000 
0.0000 0.0000 -1.0000 0.0102 -10.0000 -0.5000 -10.0000 
0.0200 0.0000 0.2300 -10.0000 -10.0000 0.0000 0.0000 
-10.0000 0.0000 0.0000 -10.0000 -10.0000 0.0000 0.0000 
-10.0000 0.0000 0.0000 -10.0000 0.0000 -10.0000 0.0000 
0.0000 0.0000 0.0000 0.0000 -10.0000 0.0000 -10.0000 
-10.0000 0.0000 0.0000 -10.0000 0.0000 -10.0000 0.0000 
-10.0000 0.0000 0.0000 -10.0000 0.0000 -10.0000 0.0000 
-10.0000 0.0000 0.0000 0.0000 -10.0000 0.0000 -10.0000 
0.0000 0.0000 0.0000 0.0000 0.0000 0.0000 0.2510 
0.0000 -10.0000 -10.0000 -10.0000 0.0000 -0.0860 0.4000 
-0.2000 0.0510 -10.0000 -10.0000 0.0000 -0.1749 0.1400 
-1.0000 -10.0000 -10.0000 0.0000 -10.0000 0.0000 -10.0000 
-1.0000 -10.0000 -10.0000 0.0000 -10.0000 0.3200 -10.0000 
-1.0000 -1.0000 -1.0000 0.0000 0.0000 0.0000 0.0000 
