1.0000 1.0000 1.0000 1.0000 1.0000 1.0000 1.0000 
1.0000 1.0000 1.0000 1.0000 1.0000 1.0000 1.0000 
0.2000 -0.0880 0.0000 -0.0700 0.0000 0.0000 0.0000 
0.0000 0.0300 0.0300 0.0000 0.0000 -0.4470 0.0000 
-0.5000 0.0300 0.0000 -0.4470 0.3000 -0.5000 0.3000 
0.0000 0.0000 0.0000 0.0000 -0.5000 0.0000 0.0000 
0.0000 0.0000 0.0000 -0.3000 0.0000 0.0000 0.0000 
0.0000 0.0000 0.0000 -0.2600 0.0000 -0.3998 0.0000 
0.0000 0.0000 0.0000 0.0000 0.0000 0.5300 0.0000 
0.0000 0.0000 0.0510 0.0000 0.0000 0.5120 -0.1980 
0.0000 0.0000 0.0000 -0.1000 0.0000 0.0000 0.4000 
0.0253 0.0002 0.2530 0.2530 0.0000 0.0020 0.0000 
0.0000 0.0000 0.0000 0.0000 0.0000 0.0000 0.0000 
0.0025 0.0020 0.0251 0.0200 0.0251 0.0251 0.0020 
0.0000 0.0000 0.0000 0.0000 0.0000 0.0000 0.0000 
0.0053 -0.1800 -0.1749 0.0053 0.0000 -0.1749 0.0530 
0.0000 0.0000 0.0000 0.0000 0.0000 0.0000 0.0000 
0.0000 0.0000 0.0000 0.0000 0.0000 0.0000 0.0000 
0.0000 0.0000 0.0000 0.0000 0.0000 0.0000 0.0000 
