1.0000 1.0000 1.0000 1.0000 1.0000 1.0000 1.0000 
1.0000 1.0000 1.0000 1.0000 1.0000 1.0000 1.0000 
0.0000 0.5600 0.8000 0.3620 0.0000 -0.0510 0.5300 
0.0000 0.0240 0.4620 -0.1697 0.0343 -0.1697 0.6600 
0.0000 -0.3288 0.0490 0.9000 0.6300 0.0000 -0.3570 
0.0000 0.0000 0.0000 0.0000 0.0000 0.0000 0.0000 
0.0000 0.0000 1.1600 0.8120 -0.0300 0.0000 -0.0300 
0.0000 0.0000 0.0000 0.0000 0.1000 -0.1000 0.0000 
0.0000 0.0000 0.1000 0.0000 0.0000 1.2600 0.0000 
0.0000 0.0000 0.0000 0.0000 0.0000 0.0000 0.7490 
0.0000 0.0000 0.0000 0.0000 0.0000 0.0000 0.0000 
0.0000 0.0712 0.0712 0.0712 0.3290 0.1403 0.4343 
0.0000 0.0000 0.0000 1.0300 0.0000 0.0000 0.0000 
0.0000 0.4900 0.3430 0.3430 0.3712 0.3430 0.3430 
