1.0000 1.0000 1.0000 1.0000 1.0000 1.0000 1.0000 
1.0000 1.0000 1.0000 1.0000 1.0000 1.0000 1.0000 
0.0000 0.5600 0.8000 0.5300 0.5300 0.3620 0.5300 
0.0000 0.6300 -0.1097 -0.1697 0.9000 0.1064 0.3234 
0.0000 -0.3288 0.0490 0.9000 0.6300 0.6600 0.0147 
0.0000 0.0000 0.0000 0.0000 0.0000 0.0000 0.0000 
0.0000 0.0000 1.1600 0.8120 0.8120 0.0000 0.8210 
0.0000 0.0000 1.2300 0.0000 0.1000 0.4243 0.4322 
0.0000 0.6447 1.2300 0.0000 0.2725 0.6174 0.9210 
0.0000 0.8064 0.5903 0.0000 0.5243 0.5003 0.7490 
0.0000 0.0000 0.0000 0.0000 0.0000 0.0000 0.8064 
0.0000 0.2003 0.2032 0.2003 0.2903 0.2003 0.2032 
0.0000 0.0000 1.0300 1.0300 0.4147 0.0000 0.4147 
0.0000 0.7147 0.7147 0.5003 0.5032 0.5003 0.5003 
