1.0000 1.0000 1.0000 1.0000 1.0000 1.0000 1.0000 
1.0000 1.0000 1.0000 1.0000 1.0000 1.0000 1.0000 
0.0000 0.0000 0.2000 0.0000 0.0000 0.0000 0.0000 
0.0000 0.0000 0.0000 0.0000 0.0000 0.0000 0.1000 
0.0000 0.0000 0.0000 0.0000 0.0000 0.0000 0.0000 
0.0000 0.0000 0.0000 0.0000 0.0000 0.0000 0.0000 
0.0000 0.0000 0.0000 -0.1000 0.0000 0.0000 0.0000 
0.0000 0.0000 0.0000 -0.1000 0.0000 -0.1000 0.0000 
0.0000 0.0000 0.0000 0.0000 0.2000 0.0000 -0.0900 
0.0000 0.0000 0.3000 0.0000 0.0000 0.0000 0.0000 
0.0000 0.0000 0.0000 0.0000 0.0000 0.0000 0.0000 
0.0000 0.0000 0.0000 0.0000 0.4000 0.0000 0.0000 
0.0000 0.0000 0.0000 0.0000 -0.2900 0.0000 0.0000 
0.0000 0.0100 0.0000 0.0100 0.0100 0.1000 0.0100 
