1.0000 1.0000 1.0000 1.0000 1.0000 -0.8948 1.0000 
1.0000 1.0000 1.0000 1.0000 1.0000 1.0000 1.0000 
0.2000 -0.0880 -0.7975 -0.0700 0.0200 0.0200 0.2000 
0.0120 0.0300 0.0030 0.1200 0.0120 0.0300 0.0120 
-0.4470 -0.4470 -0.4497 -0.4470 0.0300 -0.5000 0.0300 
0.0120 0.0003 0.1200 0.0120 0.0120 0.0300 -0.6477 
0.2120 0.0000 0.2300 -0.3000 0.0230 0.2120 0.0000 
0.0012 0.0000 -0.1470 -0.1470 -0.1488 -0.3998 0.0000 
0.0000 0.0000 0.0530 -0.0600 0.2012 -0.1270 0.5300 
0.0000 0.0000 0.0510 0.3230 0.0000 0.2123 -0.1980 
0.0000 0.0000 0.0000 -0.1000 0.0000 -0.0948 0.4000 
1.0000 0.0002 0.2530 0.0025 0.0000 0.0020 0.7300 
0.0000 0.0000 0.0000 0.0000 0.0000 0.0000 0.0000 
0.0052 0.0052 0.0052 0.0052 0.0025 0.0052 0.0005 
0.0000 0.0000 0.0000 0.0000 0.4300 0.0000 0.0000 
0.0503 0.0503 -0.1975 -0.1948 0.0530 0.0503 0.5030 
0.0000 0.0000 0.0000 0.0000 0.0000 0.0000 0.0000 
0.0000 0.0000 0.0000 0.0000 0.0000 0.0000 0.0000 
0.0000 0.0000 0.0000 0.0000 0.0000 0.0000 0.0000 
