1.0000 1.0000 -0.8800 1.0000 1.0000 1.0000 1.0000 
1.0000 1.0000 1.0000 1.0000 1.0000 1.0000 1.0000 
0.2000 0.2000 -10.0000 0.2000 0.0200 -10.0000 -10.0000 
0.0120 0.0120 0.3000 0.0120 0.0010 -10.0000 -10.0000 
0.0300 -0.4499 -0.4488 -10.0000 0.1200 -10.0000 0.0120 
-1.0000 -1.0000 -10.0000 0.0102 -10.0000 0.0000 -10.0000 
-1.0000 0.0212 0.2120 -0.1779 -10.0000 -0.1590 -10.0000 
0.0001 -1.0000 0.0012 -0.1488 -10.0000 0.3120 -10.0000 
0.1412 0.0512 0.5120 -10.0000 0.2001 -10.0000 0.5120 
-1.0000 0.2001 0.0321 0.3212 -10.0000 0.2001 -10.0000 
-1.0000 0.0421 0.1512 -10.0000 0.1512 -10.0000 0.4212 
0.0251 0.2512 0.0200 -10.0000 0.1421 -10.0000 0.0000 
-1.0000 0.0000 0.0000 0.0000 -10.0000 0.0000 -10.0000 
0.0000 0.0000 0.0000 0.2000 -10.0000 0.0000 -10.0000 
0.0412 -10.0000 -10.0000 -10.0000 -0.0488 -10.0000 0.4120 
0.0512 -10.0000 -10.0000 -10.0000 0.1221 -10.0000 0.5120 
-10.0000 -10.0000 -10.0000 0.0000 -10.0000 0.0000 -10.0000 
-10.0000 -10.0000 -10.0000 0.0500 -10.0000 0.0000 -10.0000 
-5.0000 -5.0000 -5.0000 0.0000 -1.0000 0.0000 -1.0000 
