1.0000 1.0000 1.0000 1.0000 1.0000 1.0000 1.0000 
1.0000 1.0000 1.0000 1.0000 1.0000 1.0000 1.0000 
0.8000 0.0000 0.3620 0.3620 0.8000 0.3620 0.5600 
0.3444 0.3444 0.4620 0.6600 0.3234 0.0000 0.4620 
0.0000 0.0000 0.0000 -0.5000 0.1811 -0.5000 0.3234 
0.0000 -0.5000 0.6600 0.0000 0.0000 0.3444 0.0000 
0.0000 0.0000 0.5444 0.0000 0.0000 -0.2000 0.0000 
0.0000 0.0000 0.0000 0.0000 0.0000 0.0000 0.0000 
0.0000 0.0000 0.0000 0.0000 0.0000 0.0000 0.0000 
0.3000 0.0000 0.0000 0.0000 0.0000 0.0000 0.0000 
0.0000 0.0000 0.0000 0.0000 0.0000 0.0000 0.0000 
0.0000 0.0000 0.0000 0.0000 0.0000 0.0000 0.0000 
0.0000 0.0000 0.0000 0.0000 0.0000 0.0000 0.0000 
0.1400 0.0000 0.1400 0.0000 0.2000 0.0000 0.1400 
0.0000 0.0000 0.0000 0.0000 0.0000 0.0000 0.7444 
-0.0600 0.0000 0.0000 0.0000 0.0000 -0.0600 0.0000 
0.0000 0.0000 0.0000 0.0000 0.0000 0.0000 0.0000 
0.0000 0.0000 0.8234 0.0000 0.0000 0.0000 0.0000 
0.0000 0.0000 0.0000 0.0000 0.0000 0.0000 0.0000 
