1.0000 1.0000 1.0000 1.0000 1.0000 1.0000 1.0000 
1.0000 1.0000 1.0000 1.0000 1.0000 1.0000 1.0000 
0.2000 0.0020 0.0200 0.0200 0.0200 -0.0988 0.0200 
0.0120 0.0012 0.0120 0.0012 0.0120 -0.4488 0.0012 
0.0012 0.0012 0.0012 -0.4499 0.0012 -0.7000 0.0120 
0.0120 0.3000 -1.0000 0.0120 0.0120 0.0012 -0.7000 
0.0200 0.0000 0.2300 0.2012 0.0000 0.0000 -0.2680 
0.0000 0.0000 0.0000 0.0000 -0.2000 -0.2700 0.0000 
0.3230 0.0000 -0.0700 0.0000 0.0000 -0.1998 0.2000 
0.0020 0.0000 0.0000 0.3230 0.0000 0.0200 0.0000 
0.0000 0.0000 0.0000 -0.1000 0.6012 0.0000 0.3000 
0.0000 0.0002 0.0002 0.2051 0.0002 0.0021 0.0000 
0.0000 0.0000 0.0000 0.0000 0.0000 0.0000 0.0000 
0.0000 0.0000 0.0000 0.0000 0.0000 0.0000 0.0002 
0.0000 0.0000 -0.0499 0.0000 0.4100 -0.0949 0.4000 
0.0050 -0.2000 0.0501 0.0000 0.0050 -0.1980 0.0501 
0.0000 0.0000 0.0000 0.0000 0.0000 0.0000 0.0000 
0.0000 0.0000 0.0320 0.0000 0.0000 0.3200 -0.1998 
0.0000 0.0000 -1.0000 0.0000 0.0000 0.0000 0.0000 
