1.0000 1.0000 1.0000 1.0000 1.0000 1.0000 1.0000 
1.0000 1.0000 1.0000 1.0000 1.0000 1.0000 1.0000 
0.0000 0.8000 0.3620 0.5600 0.0000 0.5600 0.5600 
0.4620 0.2264 0.4620 0.3234 0.6600 0.6600 0.6600 
0.3234 0.3234 0.1734 -0.0965 0.3234 -0.2550 0.3234 
0.0490 0.4620 -0.4305 0.0700 -0.2775 0.0000 -0.4305 
0.1400 0.0000 0.5234 0.0000 0.1890 0.5234 0.2000 
0.0000 0.0000 0.0614 0.0000 -0.2000 -0.3000 0.1500 
0.1170 0.8234 -0.1000 0.3735 0.3000 0.0000 0.2000 
0.0000 0.0000 0.5000 0.2000 0.0487 0.0000 0.0000 
0.0000 0.0000 0.0000 0.0000 0.6764 -0.1000 0.4050 
0.0000 0.0000 0.0000 0.2695 0.0000 0.0000 0.0000 
0.0000 0.0000 0.0000 0.0000 0.0000 0.0000 0.0000 
0.5500 0.4224 0.4224 0.3850 0.1886 0.5843 0.6035 
0.0000 0.0000 -0.1000 0.0000 0.0000 0.2500 0.0000 
0.5764 0.2224 0.1850 0.0000 0.5764 0.1850 0.4035 
0.0000 0.0000 0.0000 0.0000 0.0000 0.0000 0.0000 
0.0000 0.0000 0.0000 0.0000 0.0695 0.9620 0.0000 
0.0000 0.0000 0.0000 0.0000 0.0000 0.0000 0.0000 
