1.0000 1.0000 1.0000 1.0000 1.0000 1.0000 1.0000 
1.0000 1.0000 1.0000 1.0000 1.0000 1.0000 1.0000 
0.0000 0.0000 0.0000 0.0000 -0.0900 -0.4500 0.2000 
0.0000 -0.3590 -0.4000 0.0100 0.0000 -0.3590 0.1000 
0.0000 0.0100 0.0300 0.0100 0.0100 0.1000 -0.6600 
0.0000 0.0000 0.0000 0.0000 0.0000 0.0000 -0.1000 
0.0000 0.0000 0.6000 0.0000 -0.0840 0.0000 0.1500 
0.0000 0.0000 0.0000 0.0000 0.0000 -0.1000 0.7000 
0.0000 0.0000 0.6300 0.1000 -0.0930 0.0000 -0.0290 
0.0000 0.0000 0.0000 0.0000 0.0000 0.0000 0.7100 
0.0000 0.0000 0.0000 0.0000 0.0000 0.0000 0.0000 
0.0000 0.0041 0.0410 0.4100 0.0410 -0.2290 0.0410 
0.0000 0.0000 0.0000 0.0000 -0.2290 0.5000 -0.2600 
0.0000 0.0400 0.3500 0.3500 0.0400 0.4000 0.0710 
