1.0000 1.0000 1.0000 1.0000 1.0000 1.0000 1.0000 
1.0000 1.0000 1.0000 1.0000 1.0000 1.0000 1.0000 
0.5600 0.5600 -0.4600 0.5600 0.8000 0.8000 0.5600 
0.6300 0.6300 0.9000 0.3234 0.4620 0.0000 0.4620 
0.0490 -0.4000 0.0000 0.0000 0.0000 0.0000 0.6600 
0.0000 0.0000 0.4620 0.6600 -0.1724 0.6300 -0.3885 
0.0000 0.1400 0.0000 0.1400 0.0000 0.4034 0.8300 
0.0000 0.0000 0.5910 0.0000 0.0000 0.2086 0.0000 
0.1400 0.4086 -0.0173 0.1000 0.8810 0.3694 0.0000 
0.0000 0.0000 0.0000 0.0000 0.0000 0.0000 0.0000 
0.0280 0.0000 0.0400 0.1181 0.4460 0.0000 0.0000 
0.5276 0.0000 0.7537 0.3115 0.0000 0.0000 0.0000 
0.0000 0.0000 0.0000 0.0000 0.0000 0.0000 0.0000 
0.5276 0.0000 0.5276 0.3850 0.0000 0.3693 0.5276 
-0.3000 0.2093 0.4537 0.0000 0.0000 0.2276 0.8620 
0.5537 0.7910 0.3276 0.5537 0.5537 0.3276 0.5837 
0.0000 0.0000 0.0000 0.0000 0.0000 0.0000 0.0000 
0.0000 0.5000 0.3500 0.0000 0.1115 0.4400 -0.0110 
0.0000 0.0000 0.0000 0.0000 0.0000 0.0000 0.0000 
