1.0000 1.0000 1.0000 1.0000 1.0000 1.0000 1.0000 
1.0000 1.0000 1.0000 1.0000 1.0000 1.0000 1.0000 
0.0000 0.0000 0.0000 0.0000 -0.0900 -0.5000 -0.0900 
0.0000 0.0000 0.0000 0.0000 0.0000 0.0000 0.1000 
0.0000 0.0000 0.0100 0.0100 0.0100 0.1000 -0.6600 
0.0000 0.0000 0.0000 0.0000 0.0000 0.0000 -0.1000 
0.0000 0.0000 0.0000 0.5000 -0.0900 0.0000 0.0000 
0.0000 0.0000 0.0000 0.0000 0.0000 0.0000 0.0000 
0.0000 0.0000 0.0000 0.0000 -0.0930 0.1000 -0.0930 
0.0000 0.0000 0.0000 0.0000 0.0000 0.0000 0.0000 
0.0000 0.0000 0.0000 0.0000 0.0000 0.0000 0.0000 
0.0000 0.0000 0.0000 0.0000 0.0000 -0.2299 0.0000 
0.0000 0.0000 0.0000 0.0000 -0.2299 0.5000 0.0000 
0.0000 0.0701 0.0701 0.0400 0.0070 0.4000 0.0070 
