1.0000 1.0000 1.0000 1.0000 1.0000 1.0000 1.0000 
1.0000 1.0000 1.0000 1.0000 1.0000 1.0000 1.0000 
0.0000 0.0200 0.2000 0.0000 0.0200 -0.0898 -0.7659 
0.0000 0.0120 -0.3588 0.0012 0.0120 -0.3588 0.1200 
0.0000 0.1200 -0.6288 0.1020 0.0102 0.0000 -0.6966 
0.0000 0.0000 0.0000 0.0000 0.0000 0.0000 0.0000 
0.0000 0.0512 0.0512 0.0501 0.6200 -0.1659 0.1412 
0.0000 -0.0659 -0.0659 -0.0659 0.1501 -0.1000 0.1000 
0.0000 0.0720 0.7200 0.1510 0.6000 0.1620 -0.0840 
0.0000 0.0341 0.0341 0.3410 0.7012 0.3401 0.2620 
0.0000 0.0000 0.0000 0.0000 0.0341 0.0000 0.0000 
0.0000 0.0412 -0.2659 -0.2966 0.4120 -0.2659 0.4120 
0.0000 0.0412 0.0000 0.4120 -0.2659 -0.0949 -0.2966 
0.0000 0.0341 0.0341 0.3412 0.0341 0.0712 0.0341 
