1.0000 1.0000 1.0000 1.0000 1.0000 1.0000 1.0000 
1.0000 1.0000 1.0000 1.0000 1.0000 1.0000 1.0000 
0.0000 0.5600 0.5600 -0.0300 0.3920 0.0000 -0.1000 
0.0000 -0.0710 -0.4900 0.0000 0.1000 -0.4000 0.0000 
0.0000 0.0000 0.0000 0.0000 -0.5530 0.0000 -0.5971 
0.0000 0.0000 0.0000 0.0000 0.0000 0.0000 0.0000 
0.0000 0.0000 0.0000 0.0000 0.0000 0.0000 0.0000 
0.0000 0.0000 0.0000 0.0000 0.0000 0.0000 0.7000 
0.0000 0.6000 0.0000 0.0000 0.0000 0.0000 0.0029 
0.0000 0.0000 0.0000 0.0000 0.0000 0.0000 0.0000 
0.0000 0.0000 0.0000 0.1029 0.0000 0.0000 0.0000 
0.0000 -0.3000 0.0000 0.0000 0.3290 0.0000 0.4700 
0.0000 0.0000 0.0000 0.4000 0.0000 0.0000 0.0000 
0.0000 0.0000 0.0000 0.1470 0.1470 0.1029 0.1029 
