1.0000 1.0000 1.0000 1.0000 1.0000 -0.7000 1.0000 
1.0000 1.0000 1.0000 1.0000 1.0000 1.0000 1.0000 
0.8000 0.0000 0.3620 0.3620 0.1411 0.3620 0.3620 
0.6300 0.6300 0.9000 0.6300 0.2264 0.2264 0.4410 
0.0000 0.0000 0.2264 -0.5000 0.3234 0.0085 0.3234 
0.0000 -0.5600 -0.5600 0.6300 0.0987 0.2411 -0.5600 
0.0000 0.0000 0.5234 0.4264 0.0000 -0.2000 0.0000 
0.0000 0.0000 0.0000 0.0000 0.0000 0.0000 0.0000 
0.0000 0.0000 0.0000 -0.1000 0.0000 0.0000 0.0000 
0.3000 0.0000 0.0000 0.0000 0.0000 0.0000 0.0000 
0.0000 0.0000 0.0000 0.0000 0.0000 0.0000 0.7664 
0.0000 0.0000 0.0000 0.0000 0.0000 0.0000 0.0000 
0.0000 0.0000 0.0000 0.0000 0.0000 0.0000 0.0000 
0.5591 0.0980 0.5591 0.1400 0.2000 0.1400 0.1400 
0.0000 0.0000 0.0000 0.0000 0.0000 0.0000 0.7444 
0.0000 0.5085 0.5085 0.0000 0.0000 0.5987 0.7264 
0.0000 0.0000 0.0000 0.0000 0.0000 0.0000 0.0000 
0.0000 0.0000 0.8234 0.0000 0.0000 0.0000 0.0000 
0.0000 0.0000 0.0000 0.0000 0.0000 0.0000 0.0000 
