1.0000 1.0000 1.0000 1.0000 1.0000 1.0000 1.0000 
1.0000 1.0000 1.0000 1.0000 1.0000 1.0000 1.0000 
0.0200 0.0200 0.0000 0.2000 0.0000 0.0000 0.0200 
0.0030 0.0030 0.0030 0.0030 0.0030 0.0300 0.0100 
-0.4947 -0.4470 -0.4000 -0.4488 0.0300 -0.5000 0.1200 
0.0000 0.0300 0.0000 0.0030 -0.7000 0.0000 0.0000 
0.2030 0.0000 0.0000 0.2300 0.0000 0.2300 0.2300 
0.0000 0.0000 0.1230 0.0000 0.0000 -0.3770 0.0000 
0.0000 0.0000 0.0000 -0.2000 0.2000 -0.1770 0.0000 
0.0000 0.0000 0.3230 0.5120 0.0000 0.0000 0.0000 
0.0000 0.0000 0.0000 0.0000 0.0000 0.0000 0.4230 
0.0000 0.0000 0.0000 0.0000 0.1000 0.0200 0.2300 
0.0000 0.0000 0.0000 0.0000 0.0000 0.0000 0.0000 
0.0025 0.0200 0.0253 0.0200 0.0000 0.0025 0.0253 
0.0000 0.0000 -0.1000 0.0000 0.0000 -0.1000 0.0000 
0.0000 0.0000 -0.1747 0.0512 0.5120 -0.1747 0.0530 
0.0000 0.0000 0.0000 0.0000 0.0000 0.0000 0.0000 
0.0000 0.0000 0.0000 0.0000 -0.2000 0.0000 0.0000 
0.0000 0.0000 0.0000 0.0000 0.0000 0.0000 0.0000 
