1.0000 1.0000 1.0000 1.0000 1.0000 1.0000 1.0000 
1.0000 1.0000 1.0000 1.0000 1.0000 1.0000 1.0000 
0.0000 0.0000 0.2000 0.0000 0.0000 0.0000 -0.5000 
0.0000 0.0000 0.0000 0.0000 0.0000 0.0000 0.1000 
0.0000 0.0000 0.0000 0.1200 0.0000 0.0000 0.0000 
0.0000 0.0000 0.0000 0.0000 0.0000 0.0000 0.0000 
0.0000 0.0000 -0.0900 -0.1000 0.0000 -0.1700 -0.0800 
0.0000 0.0000 0.0000 -0.1000 0.1000 -0.1000 0.1000 
0.0000 0.0000 0.0000 0.0000 0.6000 0.1100 -0.0900 
0.0000 0.0000 0.3000 0.0000 0.0000 0.0000 0.0100 
0.0000 0.0000 0.0000 0.0000 0.0000 0.0000 0.0000 
0.0000 0.0000 0.0000 0.0000 0.4000 0.0000 0.0000 
0.0000 0.0000 0.0000 -0.1800 -0.2900 0.0000 -0.2900 
0.0000 0.0300 0.0000 0.0100 0.0100 0.1000 0.0100 
