1.0000 1.0000 1.0000 1.0000 1.0000 1.0000 1.0000 
1.0000 1.0000 1.0000 1.0000 1.0000 1.0000 1.0000 
0.5600 0.8000 -0.1000 0.0000 0.0000 0.8000 0.5600 
0.0000 0.0000 0.0000 0.0000 0.1000 0.0000 0.0000 
0.0490 -0.4000 0.0000 0.0000 0.0000 0.0000 0.6600 
0.0000 0.0000 0.0000 0.0000 -0.1500 0.0000 -0.3885 
0.0000 0.2000 0.0000 0.0000 0.0000 0.0000 0.0000 
0.0000 0.0000 0.0000 0.0000 0.0000 0.0000 0.0000 
0.0000 0.0000 0.0000 0.1000 0.0000 0.0000 0.0000 
0.0000 0.0000 0.0000 0.0000 0.0000 0.0000 0.0000 
0.0000 0.0000 0.0400 0.0000 0.0000 0.0000 0.0000 
0.0000 0.0000 0.0000 0.3115 0.0000 0.0000 0.0000 
0.0000 0.0000 0.0000 0.0000 0.0000 0.0000 0.0000 
0.3115 0.0000 0.3115 0.4450 0.0000 0.3115 0.2700 
-0.3000 0.2990 0.2990 0.0000 0.0000 -0.0300 0.0000 
0.4937 0.3990 -0.2000 0.0000 1.1300 0.0000 0.5700 
0.0000 0.0000 0.0000 0.0000 0.0000 0.0000 0.0000 
0.0000 0.5000 0.3500 0.0000 0.1115 0.0000 -0.0110 
0.0000 0.0000 0.0000 0.0000 0.0000 0.0000 0.0000 
