1.0000 1.0000 1.0000 1.0000 1.0000 1.0000 1.0000 
1.0000 1.0000 1.0000 1.0000 1.0000 1.0000 1.0000 
-0.2500 -0.0900 -0.2000 -0.2500 -0.2000 -0.2000 -0.2390 
-0.2500 -0.2500 0.5000 -0.7000 -0.2500 -0.6617 -0.2500 
-0.2500 -0.3000 0.0000 0.5000 0.0000 -0.2390 0.0000 
0.0000 0.0000 0.0000 0.0000 0.0000 0.0000 0.0000 
-0.7500 -0.7617 -0.7500 -0.8819 -0.7500 -0.8825 -0.8825 
0.0000 -0.8825 -1.0000 0.1812 0.1750 -1.0000 0.0000 
-0.9000 -0.8825 -0.8825 0.1750 0.1762 0.0000 0.0000 
0.0000 -1.0000 -1.0000 0.1812 -0.9871 -1.0000 -0.9871 
0.0000 0.0000 0.0000 0.0000 0.0000 0.0000 0.0000 
-0.6617 -0.7000 -0.6617 -0.9819 -0.7000 -0.9819 -0.6617 
-0.7000 0.0000 0.0000 0.3833 -0.9819 -0.9000 0.0000 
-0.9819 -1.0000 -0.9819 -1.0000 0.1812 -1.0000 -1.0000 
