1.0000 1.0000 1.0000 1.0000 1.0000 1.0000 1.0000 
1.0000 1.0000 1.0000 1.0000 1.0000 1.0000 1.0000 
0.0000 0.0000 -10.0000 -10.0000 -10.0000 0.0000 0.2000 
-1.0000 0.0000 0.1000 0.0010 0.0010 0.0000 -0.5000 
0.0000 0.0000 -1.0000 -10.0000 0.0000 -0.5000 0.0000 
0.0000 0.0000 0.0000 0.0000 -0.6300 0.0000 -0.6930 
-10.0000 0.0000 0.2100 0.2100 -10.0000 0.0000 0.2000 
-10.0000 0.0000 0.0000 -10.0000 -10.0000 0.0000 0.0000 
-10.0000 0.0000 0.0000 -10.0000 0.0000 -10.0000 0.0000 
-10.0000 0.0000 0.5000 0.0000 -10.0000 0.0000 -10.0000 
-10.0000 0.0000 0.0000 -10.0000 0.0000 -10.0000 0.0000 
-10.0000 0.0000 0.0000 -10.0000 0.0000 -10.0000 0.0000 
-10.0000 0.0000 0.0000 0.0000 -10.0000 0.0000 -10.0000 
-10.0000 0.0000 0.0700 0.2000 0.0070 0.0200 0.0200 
0.0000 0.0000 -10.0000 -10.0000 0.0000 -0.1000 0.0000 
0.0000 0.0000 -10.0000 -10.0000 0.0000 -0.1930 0.0000 
-1.0000 -10.0000 -10.0000 0.0000 -10.0000 0.0000 -10.0000 
-1.0000 -10.0000 -10.0000 0.0000 -0.1300 0.0000 -0.1800 
-1.0000 -1.0000 -1.0000 0.0000 0.0000 0.0000 0.0000 
