1.0000 1.0000 1.0000 1.0000 1.0000 1.0000 1.0000 
1.0000 1.0000 1.0000 1.0000 1.0000 1.0000 1.0000 
0.0000 0.0000 0.0000 0.2000 0.0000 0.0000 0.0000 
0.0000 0.0300 0.3000 0.0100 0.0000 -0.5000 0.0000 
0.0000 0.0030 -0.5000 -0.5000 0.0000 0.0000 0.1000 
0.0030 0.0000 0.0000 0.0300 -0.6300 0.0300 -0.7000 
0.0000 0.0000 0.2000 0.0000 0.0000 0.0000 0.0000 
0.0000 0.0000 0.0000 0.0000 0.0000 0.0000 0.0000 
0.0000 0.0000 0.0000 0.0000 0.0000 0.0000 0.0000 
0.0000 0.0000 0.0000 0.0000 0.0000 0.0000 0.0000 
0.0000 0.0000 0.0000 0.0000 0.0000 0.0000 0.0000 
0.0000 0.0000 0.0000 0.0000 0.0000 0.0000 0.0000 
0.0000 0.0000 0.0000 0.0000 0.0000 0.0000 0.0000 
0.0070 0.0007 0.0007 0.0007 0.0000 0.0000 0.0007 
0.0000 0.0000 0.0000 0.0000 0.0000 0.0000 0.0000 
0.0000 0.0000 0.0000 -0.1930 0.0000 -0.1993 0.0000 
0.0000 0.0000 0.0000 0.0000 0.0000 0.0000 0.0000 
0.0000 0.0000 0.5000 0.0000 0.0000 0.0000 0.0000 
0.0000 0.0000 0.0000 0.0000 0.0000 0.0000 0.0000 
