1.0000 1.0000 1.0000 1.0000 1.0000 1.0000 1.0000 
1.0000 1.0000 1.0000 1.0000 1.0000 1.0000 1.0000 
0.5600 0.8000 -0.1000 0.5600 0.8000 0.8000 0.5600 
0.0000 0.0000 0.6600 0.0000 0.4620 0.0000 0.0000 
0.0490 -0.4000 0.0000 0.0000 0.0000 0.0000 0.6600 
0.0000 0.0000 0.4620 0.6600 -0.1724 0.9000 -0.3885 
0.0000 0.2000 0.0000 0.0000 0.0000 0.0093 0.0000 
0.0000 0.0000 0.0000 0.0000 0.0000 0.0000 0.0000 
0.0000 0.0000 0.0000 0.1000 0.4400 0.0000 0.0000 
0.0000 0.0000 0.0000 0.0000 0.0000 0.0000 0.0000 
0.0000 0.0000 0.0400 0.0000 0.0000 0.0000 0.0000 
0.0000 0.0000 0.0000 0.3115 0.0000 0.0000 0.0000 
0.0000 0.0000 0.0000 0.0000 0.0000 0.0000 0.0000 
0.3115 0.0000 0.5276 1.1620 0.0000 0.3115 0.7537 
-0.3000 0.2093 0.6910 0.0000 0.0000 -0.0300 0.0000 
0.4937 0.7910 0.3276 0.0000 0.7910 0.0000 0.5700 
0.0000 0.0000 0.0000 0.0000 0.0000 0.0000 0.0000 
0.0000 0.5000 0.3500 0.0000 0.1115 0.0000 -0.0110 
0.0000 0.0000 0.0000 0.0000 0.0000 0.0000 0.0000 
