1.0000 1.0000 1.0000 1.0000 1.0000 1.0000 1.0000 
1.0000 1.0000 1.0000 1.0000 1.0000 1.0000 1.0000 
0.0000 0.0200 0.0020 0.0200 -0.0880 -0.0898 -0.0880 
0.0000 0.0102 -0.3960 0.0000 0.0000 -0.3600 0.1020 
0.0000 0.0120 -0.6966 0.1020 -0.3500 0.0000 0.0000 
0.0000 0.0000 0.0000 0.0000 0.0000 0.0000 0.0000 
0.0000 0.0000 0.0000 0.0000 -0.0390 -0.1660 0.5102 
0.0000 0.0000 0.0000 0.0000 0.0000 -0.1000 0.0000 
0.0000 0.6100 0.0000 0.0000 0.0000 0.1000 -0.0966 
0.0000 0.0000 0.0000 0.0000 0.3400 0.0800 0.0000 
0.0000 0.0008 0.0000 0.0000 0.0000 0.0000 0.0000 
0.0000 -0.2200 -0.2920 0.0000 0.0040 -0.2920 0.0040 
0.0000 0.0000 0.4300 0.5000 -0.2992 0.0000 0.0000 
0.0000 0.0008 0.0034 0.0080 0.0008 0.0034 0.0008 
