1.0000 1.0000 1.0000 1.0000 1.0000 1.0000 1.0000 
1.0000 1.0000 1.0000 1.0000 1.0000 1.0000 1.0000 
0.2000 0.0200 -10.0000 0.2000 0.0200 -10.0000 -10.0000 
0.0012 0.1200 0.0120 0.0120 0.0120 -10.0000 -10.0000 
-0.4488 0.0120 -0.4499 -10.0000 0.1200 -10.0000 0.0120 
-1.0000 -1.0000 -10.0000 0.0012 -10.0000 0.0000 -10.0000 
-1.0000 0.0212 0.2120 -0.1779 -10.0000 0.0000 -10.0000 
0.0012 -1.0000 0.0012 -0.1488 -10.0000 -0.1000 -10.0000 
0.0512 0.0512 0.5120 -10.0000 0.2001 -10.0000 0.5120 
-1.0000 0.0000 0.0000 0.3212 -10.0000 0.0000 -10.0000 
-1.0000 -0.0900 0.0000 -10.0000 0.1512 -10.0000 0.4212 
-1.0000 0.2000 0.0000 -10.0000 0.1000 -10.0000 0.0000 
-1.0000 0.0000 0.0000 0.0000 -10.0000 0.0000 -10.0000 
0.0000 0.0000 0.0000 0.0000 -10.0000 0.0000 -10.0000 
-1.0000 -10.0000 -10.0000 -10.0000 -0.0488 -10.0000 0.2212 
0.0001 -10.0000 -10.0000 -10.0000 0.0500 -10.0000 0.5120 
-10.0000 -10.0000 -10.0000 0.0000 -10.0000 0.0000 -10.0000 
-10.0000 -10.0000 -10.0000 0.0000 -10.0000 0.0000 -10.0000 
-5.0000 -5.0000 -5.0000 0.0000 -1.0000 0.0000 -1.0000 
