1.0000 1.0000 1.0000 1.0000 1.0000 1.0000 1.0000 
1.0000 1.0000 1.0000 1.0000 1.0000 1.0000 1.0000 
0.2000 0.0000 -10.0000 -0.0900 0.2000 -10.0000 -10.0000 
0.0000 0.1000 0.1000 -1.0000 0.0000 -10.0000 -10.0000 
0.0000 -0.3000 -0.4500 -10.0000 0.1000 -10.0000 0.0100 
-1.0000 -1.0000 -10.0000 0.0100 -10.0000 0.0000 -10.0000 
-1.0000 -1.0000 0.0000 0.0000 -10.0000 0.0000 -10.0000 
0.0000 -1.0000 0.0000 0.0000 -10.0000 -0.3000 -10.0000 
-1.0000 0.0000 0.0000 -10.0000 0.0000 -10.0000 0.0000 
-1.0000 0.0000 0.0000 0.0000 -10.0000 0.0000 -10.0000 
-1.0000 -0.0900 0.0000 -10.0000 0.0000 -10.0000 0.0000 
-1.0000 0.2000 0.0000 -10.0000 0.1000 -10.0000 0.0000 
-1.0000 0.0000 0.0000 0.0000 -10.0000 0.0000 -10.0000 
-1.0000 0.0000 0.0000 0.0000 -10.0000 0.0000 -10.0000 
-1.0000 -10.0000 -10.0000 -10.0000 0.0000 -10.0000 0.0000 
-0.2000 -10.0000 -10.0000 -10.0000 0.0000 -10.0000 0.0500 
-10.0000 -10.0000 -10.0000 0.0000 -10.0000 0.0000 -10.0000 
-10.0000 -10.0000 -10.0000 0.0000 -10.0000 0.0000 -10.0000 
-5.0000 -5.0000 -5.0000 0.0000 -1.0000 0.0000 -1.0000 
