1.0000 1.0000 1.0000 1.0000 1.0000 1.0000 1.0000 
1.0000 1.0000 1.0000 1.0000 1.0000 1.0000 1.0000 
0.0000 0.0000 0.0000 0.3920 0.5600 0.3620 0.0000 
0.0700 0.6600 0.4620 0.6600 0.4620 0.0000 0.0000 
0.0000 0.0000 0.0000 0.0000 -0.5600 -0.6020 0.6600 
0.0000 0.0000 0.0000 0.0000 0.0000 0.4620 0.0000 
0.0000 0.0000 0.0000 0.0000 0.0000 0.0000 0.0000 
0.0000 0.0000 0.0000 0.0000 0.0000 0.0000 0.0000 
0.0000 0.0000 0.0000 0.0000 0.0000 0.0000 0.0000 
0.0000 0.0000 0.0000 0.0000 0.0000 0.0000 0.0000 
0.0000 0.0000 0.0000 0.0000 0.0000 0.0000 0.0000 
0.0000 0.0000 0.0000 0.0000 0.0000 0.0000 0.0000 
0.0000 0.0000 0.0000 0.0000 0.0000 0.0000 0.0000 
0.0980 0.0000 0.0980 0.0000 0.0980 0.0000 0.1400 
0.0000 0.0000 0.0000 0.0000 0.0000 0.0000 0.0000 
0.0000 -0.2000 0.0000 0.0000 0.0000 -0.0600 0.0000 
0.0000 0.0000 0.0000 0.0000 0.0000 0.0000 0.0000 
0.0000 0.0000 0.0000 0.0000 0.0000 0.0000 0.0000 
0.0000 0.0000 0.0000 0.0000 0.0000 0.0000 0.0000 
