1.0000 1.0000 1.0000 1.0000 1.0000 1.0000 1.0000 
1.0000 1.0000 1.0000 1.0000 1.0000 1.0000 1.0000 
0.0000 0.0200 -0.4500 0.0200 -0.0880 0.2000 -0.0898 
0.0000 0.0102 -0.3960 -0.3996 0.0000 -0.3588 0.1200 
0.0000 0.0120 0.1020 0.1020 -0.3500 0.0000 -0.6992 
0.0000 0.0000 0.0000 0.0000 0.0000 0.0000 0.0000 
0.0000 0.0000 0.0000 0.0000 -0.0390 -0.1660 0.5102 
0.0000 0.0000 0.0000 0.0000 0.0000 -0.1000 0.0000 
0.0000 0.6100 0.0000 0.0000 0.0000 0.1000 -0.0966 
0.0000 0.0000 0.0000 0.0000 0.3400 0.0800 0.0000 
0.0000 0.0001 0.0000 0.0001 0.0000 0.0000 0.0008 
0.0000 -0.2992 -0.2659 0.0000 0.0000 0.0004 0.0412 
0.0000 0.0000 0.4300 0.5000 -0.2992 0.5020 0.0000 
0.0000 0.0008 0.0341 0.0001 0.3004 0.0008 0.3412 
