1.0000 1.0000 1.0000 1.0000 1.0000 1.0000 1.0000 
1.0000 1.0000 1.0000 1.0000 1.0000 1.0000 1.0000 
0.0200 0.2000 -10.0000 0.0200 0.2000 -10.0000 -10.0000 
0.0012 0.1200 0.0120 0.1200 0.0120 -10.0000 -10.0000 
0.0012 -0.3000 0.0100 -10.0000 0.0120 -10.0000 0.0100 
-1.0000 -1.0000 -10.0000 0.0120 -10.0000 0.0000 -10.0000 
-1.0000 0.2120 0.0000 0.2100 -10.0000 0.0000 -10.0000 
0.0000 -1.0000 0.1212 0.0000 -10.0000 -0.3000 -10.0000 
-1.0000 0.0000 0.0000 -10.0000 0.0000 -10.0000 0.3000 
-1.0000 0.0000 0.0000 0.0000 -10.0000 0.0000 -10.0000 
-1.0000 -0.0900 0.0000 -10.0000 0.0000 -10.0000 0.0000 
-1.0000 0.2000 0.0000 -10.0000 0.1000 -10.0000 0.0000 
-1.0000 0.0000 0.0000 0.0000 -10.0000 0.0000 -10.0000 
-1.0000 0.0000 0.0000 0.0000 -10.0000 0.0000 -10.0000 
-1.0000 -10.0000 -10.0000 -10.0000 0.0000 -10.0000 0.0000 
-0.2000 -10.0000 -10.0000 -10.0000 0.0000 -10.0000 0.0500 
-10.0000 -10.0000 -10.0000 0.0000 -10.0000 0.0000 -10.0000 
-10.0000 -10.0000 -10.0000 0.0000 -10.0000 0.0000 -10.0000 
-5.0000 -5.0000 -5.0000 0.0000 -1.0000 0.0000 -1.0000 
