1.0000 1.0000 1.0000 1.0000 1.0000 1.0000 1.0000 
1.0000 1.0000 1.0000 1.0000 1.0000 1.0000 1.0000 
0.2000 -0.0880 0.0000 -0.0700 0.0000 0.0000 0.0000 
0.0000 0.1200 0.0300 0.0000 0.0000 0.0000 0.0000 
-0.5000 0.0300 0.0000 -0.4470 0.3000 -0.5000 0.3000 
0.0000 0.0000 0.0000 0.0000 -0.5000 0.0000 0.0000 
0.0000 0.0000 0.0000 -0.3000 0.0000 0.0000 0.0000 
0.0000 0.0000 0.0000 -0.2600 0.0000 0.0000 0.0000 
0.0000 0.0000 0.0000 0.0000 0.0000 0.5300 0.0000 
0.0000 0.0000 0.0000 0.0000 0.0000 0.5100 0.0000 
0.0000 0.0000 0.0000 -0.1000 0.0000 0.0000 0.4000 
0.0000 0.0000 0.0000 0.0000 0.0000 0.0020 0.0000 
0.0000 0.0000 0.0000 0.0000 0.0000 0.0000 0.0000 
0.0200 0.0200 0.0200 0.0200 0.0000 0.0020 0.0020 
0.0000 0.0000 0.0000 0.0000 0.0000 0.0000 0.0000 
0.0000 -0.1800 -0.1800 0.0000 0.0000 0.0000 0.5300 
0.0000 0.0000 0.0000 0.0000 0.0000 0.0000 0.0000 
0.0000 0.0000 0.0000 0.0000 0.0000 0.0000 0.0000 
0.0000 0.0000 0.0000 0.0000 0.0000 0.0000 0.0000 
