1.0000 1.0000 1.0000 1.0000 1.0000 1.0000 1.0000 
1.0000 1.0000 1.0000 1.0000 1.0000 1.0000 1.0000 
0.0000 0.0000 0.0000 0.0000 0.0000 -0.5000 -0.0900 
0.0000 0.0000 0.0000 0.0000 0.0000 0.0000 0.1000 
0.0000 0.0000 0.0100 0.0100 0.0100 0.1000 -0.6299 
0.0000 0.0000 0.0000 0.0000 0.0000 0.0000 0.0000 
0.0000 0.0000 0.0000 0.5000 -0.1000 0.0000 0.0000 
0.0000 0.0000 0.0000 0.0000 0.0000 0.0000 0.0000 
0.0000 0.0000 0.0000 0.0000 0.0000 0.1000 0.0000 
0.0000 0.0000 0.0000 0.0000 0.0000 0.0000 0.0000 
0.0000 0.0000 0.0000 0.0000 0.0000 0.0000 0.0000 
0.0000 0.0000 0.0000 0.0000 0.0000 -0.2299 0.0000 
0.0000 0.0000 0.0000 0.0000 -0.2299 0.0000 0.0000 
0.0000 0.0701 0.0701 0.0070 0.0701 0.0070 0.0701 
